Radius varies from 1 to 2400
X-coordinate,Y-cordinate
3000,3001
3000,3001
3000,3002
3000,3003
3000,3004
3000,3005
3000,3006
3000,3007
3001,3008
3001,3009
3001,3010
3002,3011
3002,3012
3003,3013
3003,3014
3004,3015
3004,3016
3005,3017
3005,3018
3006,3018
3007,3019
3007,3020
3008,3021
3009,3022
3010,3022
3010,3023
3011,3024
3012,3024
3013,3025
3014,3026
3015,3026
3016,3027
3017,3027
3018,3028
3019,3029
3020,3029
3021,3029
3022,3030
3024,3030
3025,3031
3026,3031
3027,3031
3028,3031
3030,3032
3031,3032
3032,3032
3033,3032
3035,3032
3036,3032
3037,3032
3039,3032
3040,3032
3041,3032
3043,3032
3044,3032
3045,3032
3047,3031
3048,3031
3050,3031
3051,3030
3052,3030
3054,3030
3055,3029
3057,3029
3058,3028
3059,3027
3061,3027
3062,3026
3063,3025
3065,3025
3066,3024
3068,3023
3069,3022
3070,3021
3072,3020
3073,3019
3074,3018
3076,3017
3077,3016
3078,3015
3079,3014
3080,3012
3082,3011
3083,3010
3084,3008
3085,3007
3086,3006
3087,3004
3088,3003
3089,3001
3091,3000
3091,2998
3092,2996
3093,2995
3094,2993
3095,2991
3096,2989
3097,2988
3098,2986
3098,2984
3099,2982
3100,2980
3100,2978
3101,2976
3101,2974
3102,2972
3102,2970
3103,2968
3103,2966
3104,2964
3104,2962
3104,2959
3104,2957
3104,2955
3105,2953
3105,2950
3105,2948
3105,2946
3105,2944
3104,2941
3104,2939
3104,2937
3104,2934
3103,2932
3103,2930
3103,2927
3102,2925
3102,2922
3101,2920
3101,2918
3100,2915
3099,2913
3098,2911
3098,2908
3097,2906
3096,2903
3095,2901
3094,2899
3093,2896
3091,2894
3090,2891
3089,2889
3088,2887
3086,2884
3085,2882
3083,2880
3082,2878
3080,2875
3078,2873
3077,2871
3075,2869
3073,2867
3071,2864
3069,2862
3067,2860
3065,2858
3063,2856
3061,2854
3059,2852
3057,2850
3055,2848
3052,2846
3050,2844
3047,2843
3045,2841
3042,2839
3040,2837
3037,2836
3035,2834
3032,2833
3029,2831
3026,2830
3024,2828
3021,2827
3018,2825
3015,2824
3012,2823
3009,2822
3006,2821
3003,2820
3000,2819
2996,2818
2993,2817
2990,2816
2987,2815
2983,2814
2980,2814
2977,2813
2973,2812
2970,2812
2966,2811
2963,2811
2959,2811
2956,2810
2952,2810
2949,2810
2945,2810
2942,2810
2938,2810
2934,2810
2931,2811
2927,2811
2923,2811
2920,2812
2916,2812
2912,2813
2909,2813
2905,2814
2901,2815
2898,2816
2894,2817
2890,2818
2887,2819
2883,2820
2879,2821
2876,2823
2872,2824
2868,2825
2865,2827
2861,2829
2857,2830
2854,2832
2850,2834
2847,2836
2843,2838
2840,2840
2836,2842
2833,2844
2829,2846
2826,2849
2823,2851
2819,2853
2816,2856
2813,2859
2809,2861
2806,2864
2803,2867
2800,2870
2797,2873
2794,2876
2791,2879
2788,2882
2785,2885
2782,2889
2779,2892
2777,2896
2774,2899
2771,2903
2769,2906
2766,2910
2764,2914
2761,2917
2759,2921
2757,2925
2754,2929
2752,2933
2750,2937
2748,2941
2746,2946
2744,2950
2742,2954
2741,2959
2739,2963
2737,2967
2736,2972
2735,2976
2733,2981
2732,2985
2731,2990
2730,2995
2729,3000
2728,3004
2727,3009
2726,3014
2725,3019
2725,3024
2724,3028
2724,3033
2723,3038
2723,3043
2723,3048
2723,3053
2723,3058
2723,3063
2723,3068
2723,3074
2724,3079
2724,3084
2725,3089
2725,3094
2726,3099
2727,3104
2728,3109
2729,3114
2730,3119
2731,3125
2733,3130
2734,3135
2735,3140
2737,3145
2739,3150
2741,3155
2743,3160
2745,3165
2747,3170
2749,3175
2751,3180
2754,3185
2756,3190
2759,3195
2761,3199
2764,3204
2767,3209
2770,3214
2773,3218
2776,3223
2779,3228
2783,3232
2786,3237
2790,3241
2793,3245
2797,3250
2801,3254
2805,3258
2808,3262
2813,3267
2817,3271
2821,3275
2825,3279
2830,3282
2834,3286
2839,3290
2843,3294
2848,3297
2853,3301
2858,3304
2862,3307
2867,3311
2873,3314
2878,3317
2883,3320
2888,3323
2894,3326
2899,3328
2904,3331
2910,3334
2916,3336
2921,3339
2927,3341
2933,3343
2939,3345
2944,3347
2950,3349
2956,3351
2962,3353
2968,3354
2975,3356
2981,3357
2987,3358
2993,3359
3006,3360
3012,3361
3018,3362
3025,3363
3031,3363
3038,3363
3044,3364
3051,3364
3057,3364
3064,3364
3070,3364
3077,3363
3083,3363
3090,3362
3097,3362
3103,3361
3110,3360
3116,3359
3123,3358
3129,3357
3136,3355
3143,3354
3149,3352
3156,3350
3162,3348
3169,3346
3175,3344
3182,3342
3188,3340
3195,3337
3201,3335
3207,3332
3214,3329
3220,3326
3226,3323
3232,3320
3238,3317
3245,3313
3251,3310
3257,3306
3263,3302
3268,3298
3274,3294
3280,3290
3286,3286
3292,3282
3297,3277
3303,3273
3308,3268
3314,3263
3319,3258
3324,3253
3329,3248
3334,3243
3339,3238
3344,3232
3349,3227
3354,3221
3359,3215
3363,3210
3368,3204
3372,3198
3376,3192
3381,3185
3385,3179
3389,3173
3393,3166
3396,3160
3400,3153
3404,3147
3407,3140
3410,3133
3414,3126
3417,3119
3420,3112
3423,3105
3425,3098
3428,3091
3430,3083
3433,3076
3435,3068
3437,3061
3439,3053
3441,3046
3443,3038
3444,3031
3446,3023
3447,3015
3448,3007
3450,3000
3450,2992
3451,2984
3452,2976
3452,2968
3453,2960
3453,2952
3453,2944
3453,2936
3453,2928
3453,2920
3452,2912
3451,2903
3451,2895
3450,2887
3449,2879
3447,2871
3446,2863
3445,2855
3443,2847
3441,2839
3439,2831
3437,2823
3435,2815
3433,2807
3430,2799
3427,2791
3425,2783
3422,2775
3418,2767
3415,2760
3412,2752
3408,2744
3405,2736
3401,2729
3397,2721
3393,2714
3388,2706
3384,2699
3380,2692
3375,2685
3370,2677
3365,2670
3360,2663
3355,2656
3350,2649
3344,2643
3338,2636
3333,2629
3327,2623
3321,2616
3315,2610
3309,2604
3302,2598
3296,2592
3289,2586
3282,2580
3276,2574
3269,2569
3262,2563
3255,2558
3247,2553
3240,2547
3232,2542
3225,2538
3217,2533
3209,2528
3202,2524
3194,2519
3185,2515
3177,2511
3169,2507
3161,2503
3152,2499
3144,2496
3135,2492
3127,2489
3118,2486
3109,2483
3100,2480
3092,2478
3083,2475
3074,2473
3064,2470
3055,2468
3046,2467
3037,2465
3028,2463
3018,2462
3009,2461
3000,2460
2990,2459
2981,2458
2971,2457
2962,2457
2952,2457
2942,2456
2933,2457
2923,2457
2914,2457
2904,2458
2894,2459
2885,2460
2875,2461
2865,2462
2856,2463
2846,2465
2837,2467
2827,2469
2818,2471
2808,2473
2798,2476
2789,2478
2780,2481
2770,2484
2761,2487
2751,2491
2742,2494
2733,2498
2724,2502
2715,2506
2705,2510
2696,2514
2687,2519
2679,2524
2670,2528
2661,2534
2652,2539
2644,2544
2635,2550
2627,2555
2618,2561
2610,2567
2602,2573
2594,2579
2586,2586
2578,2592
2570,2599
2563,2606
2555,2613
2548,2620
2540,2628
2533,2635
2526,2643
2519,2650
2512,2658
2505,2666
2499,2674
2492,2683
2486,2691
2480,2700
2474,2708
2468,2717
2462,2726
2457,2735
2451,2744
2446,2753
2441,2762
2436,2772
2431,2781
2426,2791
2422,2801
2417,2810
2413,2820
2409,2830
2405,2840
2402,2850
2398,2861
2395,2871
2392,2881
2389,2892
2386,2902
2384,2913
2381,2924
2379,2934
2377,2945
2375,2956
2373,2967
2372,2978
2371,2989
2370,3000
2369,3011
2368,3022
2367,3033
2367,3044
2367,3055
2367,3066
2367,3077
2368,3088
2368,3099
2369,3111
2370,3122
2372,3133
2373,3144
2375,3155
2376,3166
2379,3178
2381,3189
2383,3200
2386,3211
2389,3222
2392,3233
2395,3244
2398,3255
2402,3266
2406,3276
2410,3287
2414,3298
2419,3308
2423,3319
2428,3329
2433,3340
2438,3350
2443,3361
2449,3371
2455,3381
2461,3391
2467,3401
2473,3411
2480,3421
2486,3430
2493,3440
2500,3449
2507,3458
2515,3468
2522,3477
2530,3486
2538,3495
2546,3503
2554,3512
2562,3520
2571,3529
2580,3537
2588,3545
2597,3553
2607,3561
2616,3568
2625,3576
2635,3583
2645,3590
2655,3597
2664,3604
2675,3610
2685,3617
2695,3623
2706,3629
2716,3635
2727,3641
2738,3647
2749,3652
2760,3657
2771,3662
2783,3667
2794,3672
2805,3676
2817,3680
2829,3685
2840,3688
2852,3692
2864,3695
2876,3699
2888,3702
2900,3705
2913,3707
2925,3710
2937,3712
2950,3714
2962,3716
2974,3717
2987,3718
3012,3719
3025,3720
3037,3721
3050,3721
3063,3721
3075,3721
3088,3720
3101,3719
3113,3719
3126,3717
3139,3716
3151,3715
3164,3713
3177,3711
3189,3708
3202,3706
3215,3703
3227,3700
3240,3697
3252,3694
3265,3690
3277,3687
3289,3683
3302,3678
3314,3674
3326,3669
3338,3664
3350,3659
3362,3654
3374,3648
3386,3642
3397,3636
3409,3630
3421,3624
3432,3617
3443,3610
3454,3603
3466,3596
3477,3589
3487,3581
3498,3573
3509,3565
3519,3557
3530,3548
3540,3540
3550,3531
3560,3522
3569,3513
3579,3503
3589,3494
3598,3484
3607,3474
3616,3464
3625,3454
3634,3443
3642,3433
3650,3422
3658,3411
3666,3400
3674,3389
3682,3378
3689,3366
3696,3355
3703,3343
3710,3331
3717,3319
3723,3307
3729,3294
3735,3282
3741,3269
3746,3257
3752,3244
3757,3231
3762,3218
3766,3205
3771,3192
3775,3179
3779,3165
3783,3152
3786,3138
3790,3125
3793,3111
3796,3097
3798,3083
3800,3070
3803,3056
3804,3042
3806,3028
3807,3014
3809,3000
3809,2985
3810,2971
3810,2957
3811,2943
3810,2929
3810,2914
3809,2900
3809,2886
3807,2872
3806,2857
3804,2843
3803,2829
3800,2815
3798,2800
3795,2786
3793,2772
3789,2758
3786,2744
3782,2730
3779,2716
3774,2702
3770,2688
3765,2674
3760,2661
3755,2647
3750,2633
3744,2620
3739,2607
3732,2593
3726,2580
3720,2567
3713,2554
3706,2541
3698,2528
3691,2515
3683,2503
3675,2490
3667,2478
3659,2466
3650,2454
3641,2442
3632,2430
3623,2418
3613,2407
3603,2396
3593,2384
3583,2373
3573,2363
3562,2352
3552,2341
3541,2331
3530,2321
3518,2311
3507,2301
3495,2292
3483,2282
3471,2273
3459,2264
3447,2255
3434,2247
3421,2239
3408,2230
3395,2223
3382,2215
3369,2207
3355,2200
3342,2193
3328,2186
3314,2180
3300,2174
3286,2167
3272,2162
3257,2156
3243,2151
3228,2146
3214,2141
3199,2136
3184,2132
3169,2128
3154,2124
3139,2120
3124,2117
3108,2114
3093,2111
3077,2109
3062,2107
3046,2105
3031,2103
3015,2102
3000,2101
2984,2100
2968,2099
2952,2099
2937,2099
2921,2099
2905,2099
2889,2100
2873,2101
2857,2103
2842,2104
2826,2106
2810,2108
2794,2111
2779,2114
2763,2117
2747,2120
2732,2124
2716,2127
2701,2132
2685,2136
2670,2141
2654,2146
2639,2151
2624,2156
2609,2162
2594,2168
2579,2174
2564,2181
2550,2188
2535,2195
2521,2202
2506,2210
2492,2218
2478,2226
2464,2234
2450,2243
2436,2252
2423,2261
2409,2271
2396,2280
2383,2290
2370,2300
2357,2311
2344,2321
2332,2332
2320,2343
2308,2354
2296,2366
2284,2378
2273,2389
2261,2402
2250,2414
2239,2427
2229,2439
2218,2452
2208,2465
2198,2479
2188,2492
2178,2506
2169,2520
2160,2534
2151,2548
2142,2563
2134,2577
2126,2592
2118,2607
2110,2622
2103,2637
2096,2653
2089,2668
2082,2684
2076,2699
2070,2715
2064,2731
2059,2747
2053,2764
2049,2780
2044,2796
2039,2813
2035,2829
2032,2846
2028,2863
2025,2880
2022,2897
2019,2914
2017,2931
2015,2948
2013,2965
2012,2982
2011,3000
2010,3017
2009,3034
2009,3051
2009,3069
2009,3086
2010,3104
2011,3121
2012,3138
2014,3156
2016,3173
2018,3190
2020,3208
2023,3225
2026,3242
2030,3259
2033,3277
2037,3294
2042,3311
2046,3328
2051,3345
2057,3361
2062,3378
2068,3395
2074,3412
2081,3428
2087,3444
2094,3461
2102,3477
2109,3493
2117,3509
2125,3525
2134,3541
2142,3556
2151,3572
2161,3587
2170,3602
2180,3617
2190,3632
2201,3646
2211,3661
2222,3675
2233,3689
2245,3703
2256,3717
2268,3731
2281,3744
2293,3757
2306,3770
2319,3783
2332,3795
2345,3808
2359,3820
2372,3832
2386,3843
2401,3855
2415,3866
2430,3877
2445,3887
2460,3898
2475,3908
2490,3918
2506,3927
2522,3937
2538,3946
2554,3955
2570,3963
2587,3972
2604,3980
2620,3987
2637,3995
2654,4002
2672,4009
2689,4015
2706,4021
2724,4027
2742,4033
2760,4038
2778,4043
2796,4048
2814,4052
2832,4056
2850,4060
2869,4064
2887,4067
2906,4069
2925,4072
2943,4074
2962,4076
2981,4077
3018,4078
3037,4079
3056,4079
3075,4079
3094,4078
3113,4078
3132,4076
3151,4075
3170,4073
3188,4071
3207,4068
3226,4066
3245,4063
3264,4059
3282,4055
3301,4051
3320,4047
3338,4042
3357,4037
3375,4031
3393,4026
3412,4019
3430,4013
3448,4006
3466,3999
3483,3992
3501,3984
3519,3976
3536,3968
3554,3959
3571,3950
3588,3941
3605,3931
3621,3921
3638,3911
3654,3901
3671,3890
3687,3879
3702,3868
3718,3856
3734,3844
3749,3832
3764,3819
3779,3807
3794,3794
3808,3780
3822,3767
3836,3753
3850,3739
3864,3725
3877,3710
3890,3695
3903,3680
3915,3665
3928,3649
3940,3634
3951,3618
3963,3601
3974,3585
3985,3569
3996,3552
4006,3535
4016,3518
4026,3500
4035,3483
4045,3465
4053,3447
4062,3429
4070,3411
4078,3392
4086,3374
4093,3355
4100,3336
4107,3317
4113,3298
4119,3279
4125,3259
4130,3240
4135,3220
4140,3201
4144,3181
4148,3161
4152,3141
4155,3121
4158,3101
4161,3081
4163,3060
4165,3040
4166,3020
4168,3000
4168,2979
4169,2959
4169,2938
4169,2918
4168,2897
4167,2877
4166,2856
4164,2836
4162,2815
4160,2795
4157,2775
4154,2754
4150,2734
4146,2714
4142,2693
4138,2673
4133,2653
4127,2633
4122,2613
4116,2593
4110,2573
4103,2554
4096,2534
4088,2515
4081,2495
4073,2476
4064,2457
4056,2438
4046,2419
4037,2401
4027,2382
4017,2364
4007,2345
3996,2327
3985,2309
3974,2292
3962,2274
3950,2257
3938,2240
3925,2223
3912,2206
3899,2190
3885,2174
3871,2158
3857,2142
3843,2126
3828,2111
3813,2096
3798,2081
3782,2066
3767,2052
3751,2038
3734,2024
3718,2011
3701,1998
3684,1985
3667,1972
3649,1960
3631,1948
3614,1936
3595,1925
3577,1913
3558,1903
3540,1892
3521,1882
3501,1872
3482,1863
3463,1854
3443,1845
3423,1836
3403,1828
3383,1820
3362,1813
3342,1806
3321,1799
3300,1792
3280,1786
3259,1781
3237,1775
3216,1770
3195,1766
3173,1762
3152,1758
3130,1754
3109,1751
3087,1749
3065,1746
3043,1744
3021,1743
3000,1742
2978,1741
2956,1740
2934,1740
2911,1741
2889,1741
2867,1742
2845,1744
2823,1746
2801,1748
2779,1751
2757,1754
2735,1757
2714,1761
2692,1765
2670,1770
2648,1775
2627,1780
2605,1786
2584,1792
2562,1799
2541,1805
2520,1813
2499,1820
2478,1828
2457,1837
2437,1845
2416,1855
2396,1864
2376,1874
2356,1884
2336,1895
2316,1906
2296,1917
2277,1928
2258,1940
2239,1953
2220,1965
2202,1978
2183,1992
2165,2005
2147,2019
2130,2033
2112,2048
2095,2063
2078,2078
2061,2094
2045,2109
2029,2126
2013,2142
1998,2159
1982,2176
1967,2193
1952,2211
1938,2228
1924,2246
1910,2265
1897,2283
1883,2302
1871,2321
1858,2341
1846,2360
1834,2380
1822,2400
1811,2420
1800,2440
1790,2461
1780,2482
1770,2503
1761,2524
1752,2545
1743,2567
1735,2589
1727,2610
1719,2632
1712,2654
1705,2677
1699,2699
1693,2722
1687,2744
1682,2767
1677,2790
1673,2813
1668,2836
1665,2859
1662,2882
1659,2906
1656,2929
1654,2953
1653,2976
1652,3000
1651,3023
1650,3047
1650,3070
1651,3094
1652,3117
1653,3141
1655,3165
1657,3188
1659,3212
1662,3235
1665,3259
1669,3282
1673,3306
1678,3329
1683,3352
1688,3375
1694,3399
1700,3422
1707,3445
1714,3467
1721,3490
1729,3513
1737,3535
1746,3558
1755,3580
1765,3602
1774,3624
1785,3645
1795,3667
1806,3688
1817,3710
1829,3731
1841,3752
1854,3772
1867,3793
1880,3813
1893,3833
1907,3853
1922,3872
1936,3892
1951,3911
1967,3930
1982,3948
1998,3966
2015,3985
2031,4002
2048,4020
2065,4037
2083,4054
2101,4070
2119,4087
2138,4103
2156,4118
2175,4134
2195,4149
2214,4163
2234,4178
2254,4192
2275,4206
2296,4219
2316,4232
2338,4244
2359,4257
2381,4269
2402,4280
2424,4291
2447,4302
2469,4312
2492,4322
2515,4332
2538,4341
2561,4350
2584,4358
2608,4366
2631,4374
2655,4381
2679,4388
2703,4394
2727,4400
2752,4406
2776,4411
2800,4416
2825,4420
2850,4424
2875,4427
2899,4430
2924,4433
2949,4435
2974,4436
3025,4437
3050,4438
3075,4438
3100,4437
3125,4436
3150,4435
3175,4433
3201,4430
3226,4428
3251,4425
3276,4421
3301,4417
3326,4412
3351,4407
3375,4402
3400,4396
3425,4390
3449,4383
3474,4376
3498,4369
3522,4361
3546,4352
3570,4343
3594,4334
3617,4325
3641,4314
3664,4304
3687,4293
3710,4282
3733,4270
3756,4258
3778,4245
3800,4232
3822,4219
3844,4205
3865,4191
3887,4177
3908,4162
3928,4147
3949,4131
3969,4115
3989,4099
4009,4082
4028,4065
4047,4047
4066,4030
4085,4012
4103,3993
4121,3974
4139,3955
4156,3936
4173,3916
4189,3896
4206,3876
4222,3855
4237,3834
4252,3813
4267,3792
4282,3770
4296,3748
4310,3726
4323,3703
4336,3680
4349,3657
4361,3634
4373,3611
4384,3587
4395,3563
4405,3539
4416,3515
4425,3490
4435,3466
4444,3441
4452,3416
4460,3391
4468,3366
4475,3340
4481,3314
4488,3289
4493,3263
4499,3237
4504,3211
4508,3185
4512,3158
4516,3132
4519,3106
4521,3079
4524,3053
4525,3026
4527,3000
4527,2973
4528,2946
4527,2919
4527,2893
4526,2866
4524,2839
4522,2813
4520,2786
4517,2759
4513,2733
4509,2706
4505,2680
4500,2653
4495,2627
4489,2600
4483,2574
4476,2548
4469,2522
4461,2496
4453,2470
4445,2445
4436,2419
4426,2394
4416,2369
4406,2344
4395,2319
4384,2294
4372,2269
4360,2245
4348,2221
4335,2197
4322,2173
4308,2150
4294,2127
4279,2104
4264,2081
4249,2058
4233,2036
4217,2014
4200,1992
4183,1971
4165,1950
4148,1929
4130,1908
4111,1888
4092,1868
4073,1848
4053,1829
4033,1810
4013,1791
3993,1773
3972,1755
3950,1738
3929,1720
3907,1704
3885,1687
3862,1671
3839,1655
3816,1640
3793,1625
3769,1611
3745,1596
3721,1583
3697,1570
3672,1557
3647,1544
3622,1532
3597,1521
3571,1510
3546,1499
3520,1489
3494,1479
3467,1469
3441,1461
3414,1452
3387,1444
3360,1437
3333,1430
3306,1423
3279,1417
3251,1411
3223,1406
3196,1402
3168,1397
3140,1394
3112,1390
3084,1388
3056,1385
3028,1384
3000,1383
2971,1382
2943,1381
2915,1382
2886,1382
2858,1384
2830,1385
2802,1388
2773,1390
2745,1394
2717,1397
2689,1401
2661,1406
2633,1411
2605,1417
2577,1423
2549,1430
2522,1437
2494,1445
2467,1453
2440,1461
2412,1470
2386,1480
2359,1490
2332,1500
2306,1511
2279,1523
2253,1535
2227,1547
2202,1560
2176,1573
2151,1587
2126,1601
2101,1616
2076,1631
2052,1646
2028,1662
2004,1679
1981,1695
1957,1713
1934,1730
1912,1748
1889,1767
1867,1785
1846,1805
1824,1824
1803,1844
1783,1865
1762,1885
1742,1907
1723,1928
1703,1950
1684,1972
1666,1994
1648,2017
1630,2040
1613,2064
1596,2088
1579,2112
1563,2136
1547,2161
1532,2186
1517,2211
1503,2237
1489,2263
1475,2289
1462,2315
1449,2342
1437,2368
1425,2395
1414,2423
1403,2450
1393,2478
1383,2505
1374,2533
1365,2562
1357,2590
1349,2618
1342,2647
1335,2676
1328,2705
1322,2734
1317,2763
1312,2792
1308,2822
1304,2851
1301,2881
1298,2910
1296,2940
1294,2970
1293,3000
1292,3029
1292,3059
1292,3089
1293,3119
1294,3149
1296,3179
1298,3208
1301,3238
1305,3268
1309,3298
1313,3327
1318,3357
1324,3386
1330,3416
1336,3445
1343,3474
1351,3504
1359,3533
1368,3561
1377,3590
1386,3619
1396,3647
1407,3675
1418,3704
1430,3731
1442,3759
1454,3787
1468,3814
1481,3841
1495,3868
1510,3895
1525,3921
1540,3947
1556,3973
1573,3999
1589,4024
1607,4049
1624,4074
1643,4098
1661,4122
1680,4146
1700,4170
1720,4193
1740,4216
1761,4238
1782,4261
1803,4282
1825,4304
1847,4325
1870,4345
1893,4366
1917,4386
1940,4405
1964,4424
1989,4443
2014,4461
2039,4479
2064,4496
2090,4513
2116,4530
2142,4546
2169,4561
2196,4577
2223,4591
2251,4605
2278,4619
2306,4632
2335,4645
2363,4658
2392,4669
2421,4681
2450,4691
2479,4702
2509,4712
2538,4721
2568,4730
2598,4738
2628,4745
2659,4753
2689,4759
2720,4765
2751,4771
2781,4776
2812,4781
2843,4785
2874,4788
2906,4791
2937,4793
2968,4795
3031,4796
3062,4796
3094,4796
3125,4795
3156,4794
3188,4792
3219,4789
3251,4786
3282,4782
3313,4778
3344,4773
3375,4768
3406,4762
3437,4756
3468,4749
3499,4741
3530,4733
3560,4725
3590,4716
3621,4706
3651,4696
3681,4685
3710,4674
3740,4662
3769,4650
3798,4637
3827,4624
3856,4610
3884,4596
3913,4581
3940,4566
3968,4550
3996,4533
4023,4517
4050,4499
4076,4482
4103,4463
4129,4445
4154,4426
4180,4406
4205,4386
4229,4365
4254,4344
4278,4323
4301,4301
4325,4279
4347,4256
4370,4233
4392,4210
4414,4186
4435,4162
4456,4137
4476,4112
4496,4087
4516,4061
4535,4035
4554,4009
4572,3982
4590,3955
4607,3927
4624,3900
4640,3872
4656,3843
4671,3815
4686,3786
4701,3757
4714,3727
4728,3698
4741,3668
4753,3638
4765,3607
4776,3577
4787,3546
4797,3515
4807,3484
4816,3452
4824,3421
4833,3389
4840,3357
4847,3325
4853,3293
4859,3261
4864,3228
4869,3196
4873,3163
4877,3131
4880,3098
4882,3065
4884,3032
4886,3000
4886,2967
4886,2934
4886,2901
4885,2868
4883,2835
4881,2802
4878,2769
4875,2736
4871,2703
4867,2670
4862,2638
4856,2605
4850,2572
4843,2540
4836,2507
4828,2475
4819,2443
4810,2411
4801,2379
4791,2348
4780,2316
4769,2285
4757,2254
4744,2223
4731,2192
4718,2161
4704,2131
4689,2101
4674,2071
4659,2041
4643,2012
4626,1983
4609,1954
4591,1926
4573,1898
4554,1870
4535,1842
4516,1815
4496,1788
4475,1761
4454,1735
4432,1709
4410,1684
4388,1659
4365,1634
4342,1610
4318,1586
4294,1562
4269,1539
4244,1516
4218,1494
4193,1472
4166,1451
4140,1430
4113,1410
4085,1390
4058,1370
4030,1351
4001,1332
3973,1314
3943,1297
3914,1280
3884,1263
3854,1247
3824,1231
3793,1216
3763,1202
3731,1188
3700,1174
3668,1161
3637,1149
3605,1137
3572,1126
3540,1115
3507,1105
3474,1096
3441,1087
3408,1078
3374,1071
3341,1063
3307,1057
3273,1051
3239,1045
3205,1040
3171,1036
3137,1032
3103,1029
3068,1027
3034,1025
3000,1024
2965,1023
2930,1023
2896,1023
2861,1024
2827,1026
2792,1028
2758,1031
2723,1035
2689,1039
2655,1044
2620,1049
2586,1055
2552,1061
2518,1069
2484,1076
2450,1085
2417,1094
2383,1103
2350,1113
2317,1124
2284,1135
2251,1147
2218,1159
2186,1172
2154,1186
2122,1200
2090,1215
2059,1230
2027,1246
1997,1262
1966,1279
1935,1297
1905,1315
1876,1333
1846,1352
1817,1372
1788,1392
1760,1412
1731,1434
1704,1455
1676,1477
1649,1500
1623,1523
1596,1546
1570,1570
1545,1595
1520,1620
1495,1645
1471,1671
1447,1697
1424,1724
1401,1751
1379,1778
1357,1806
1336,1835
1315,1863
1294,1892
1275,1922
1255,1951
1236,1982
1218,2012
1200,2043
1183,2074
1166,2105
1150,2137
1134,2169
1119,2201
1104,2234
1090,2267
1077,2300
1064,2333
1052,2367
1040,2400
1029,2434
1018,2469
1008,2503
999,2538
990,2572
982,2607
975,2642
968,2678
962,2713
956,2749
951,2784
946,2820
943,2856
939,2892
937,2927
935,2963
934,3000
933,3036
933,3072
933,3108
935,3144
936,3180
939,3216
942,3252
946,3288
950,3324
955,3360
961,3396
967,3432
974,3467
981,3503
989,3538
998,3573
1008,3609
1017,3643
1028,3678
1039,3713
1051,3747
1064,3782
1077,3816
1090,3850
1104,3883
1119,3917
1135,3950
1151,3983
1167,4015
1184,4047
1202,4080
1220,4111
1239,4143
1259,4174
1278,4205
1299,4235
1320,4265
1342,4295
1364,4324
1386,4353
1409,4382
1433,4410
1457,4438
1482,4465
1507,4492
1532,4519
1558,4545
1585,4571
1612,4596
1639,4620
1667,4645
1696,4669
1724,4692
1753,4715
1783,4737
1813,4759
1843,4780
1874,4801
1905,4821
1937,4841
1968,4860
2000,4878
2033,4896
2066,4914
2099,4931
2132,4947
2166,4963
2200,4978
2234,4993
2269,5007
2304,5020
2339,5033
2374,5045
2410,5057
2445,5068
2481,5078
2517,5088
2554,5097
2590,5105
2627,5113
2664,5120
2701,5127
2738,5132
2775,5138
2812,5142
2849,5146
2887,5150
2924,5152
2962,5154
3037,5155
3075,5155
3112,5155
3150,5153
7500,7501
7500,7501
7500,7502
7500,7503
7500,7504
7500,7505
7500,7506
7500,7507
7501,7508
7501,7509
7501,7510
7502,7511
7502,7512
7503,7513
7503,7514
7504,7515
7504,7516
7505,7517
7505,7518
7506,7518
7507,7519
7507,7520
7508,7521
7509,7522
7510,7522
7510,7523
7511,7524
7512,7524
7513,7525
7514,7526
7515,7526
7516,7527
7517,7527
7518,7528
7519,7529
7520,7529
7521,7529
7522,7530
7524,7530
7525,7531
7526,7531
7527,7531
7528,7531
7530,7532
7531,7532
7532,7532
7533,7532
7535,7532
7536,7532
7537,7532
7539,7532
7540,7532
7541,7532
7543,7532
7544,7532
7545,7532
7547,7531
7548,7531
7550,7531
7551,7530
7552,7530
7554,7530
7555,7529
7557,7529
7558,7528
7559,7527
7561,7527
7562,7526
7563,7525
7565,7525
7566,7524
7568,7523
7569,7522
7570,7521
7572,7520
7573,7519
7574,7518
7576,7517
7577,7516
7578,7515
7579,7514
7580,7512
7582,7511
7583,7510
7584,7508
7585,7507
7586,7506
7587,7504
7588,7503
7589,7501
7591,7500
7591,7498
7592,7496
7593,7495
7594,7493
7595,7491
7596,7489
7597,7488
7598,7486
7598,7484
7599,7482
7600,7480
7600,7478
7601,7476
7601,7474
7602,7472
7602,7470
7603,7468
7603,7466
7604,7464
7604,7462
7604,7459
7604,7457
7604,7455
7605,7453
7605,7450
7605,7448
7605,7446
7605,7444
7604,7441
7604,7439
7604,7437
7604,7434
7603,7432
7603,7430
7603,7427
7602,7425
7602,7422
7601,7420
7601,7418
7600,7415
7599,7413
7598,7411
7598,7408
7597,7406
7596,7403
7595,7401
7594,7399
7593,7396
7591,7394
7590,7391
7589,7389
7588,7387
7586,7384
7585,7382
7583,7380
7582,7378
7580,7375
7578,7373
7577,7371
7575,7369
7573,7367
7571,7364
7569,7362
7567,7360
7565,7358
7563,7356
7561,7354
7559,7352
7557,7350
7555,7348
7552,7346
7550,7344
7547,7343
7545,7341
7542,7339
7540,7337
7537,7336
7535,7334
7532,7333
7529,7331
7526,7330
7524,7328
7521,7327
7518,7325
7515,7324
7512,7323
7509,7322
7506,7321
7503,7320
7500,7319
7496,7318
7493,7317
7490,7316
7487,7315
7483,7314
7480,7314
7477,7313
7473,7312
7470,7312
7466,7311
7463,7311
7459,7311
7456,7310
7452,7310
7449,7310
7445,7310
7442,7310
7438,7310
7434,7310
7431,7311
7427,7311
7423,7311
7420,7312
7416,7312
7412,7313
7409,7313
7405,7314
7401,7315
7398,7316
7394,7317
7390,7318
7387,7319
7383,7320
7379,7321
7376,7323
7372,7324
7368,7325
7365,7327
7361,7329
7357,7330
7354,7332
7350,7334
7347,7336
7343,7338
7340,7340
7336,7342
7333,7344
7329,7346
7326,7349
7323,7351
7319,7353
7316,7356
7313,7359
7309,7361
7306,7364
7303,7367
7300,7370
7297,7373
7294,7376
7291,7379
7288,7382
7285,7385
7282,7389
7279,7392
7277,7396
7274,7399
7271,7403
7269,7406
7266,7410
7264,7414
7261,7417
7259,7421
7257,7425
7254,7429
7252,7433
7250,7437
7248,7441
7246,7446
7244,7450
7242,7454
7241,7459
7239,7463
7237,7467
7236,7472
7235,7476
7233,7481
7232,7485
7231,7490
7230,7495
7229,7500
7228,7504
7227,7509
7226,7514
7225,7519
7225,7524
7224,7528
7224,7533
7223,7538
7223,7543
7223,7548
7223,7553
7223,7558
7223,7563
7223,7568
7223,7574
7224,7579
7224,7584
7225,7589
7225,7594
7226,7599
7227,7604
7228,7609
7229,7614
7230,7619
7231,7625
7233,7630
7234,7635
7235,7640
7237,7645
7239,7650
7241,7655
7243,7660
7245,7665
7247,7670
7249,7675
7251,7680
7254,7685
7256,7690
7259,7695
7261,7699
7264,7704
7267,7709
7270,7714
7273,7718
7276,7723
7279,7728
7283,7732
7286,7737
7290,7741
7293,7745
7297,7750
7301,7754
7305,7758
7308,7762
7313,7767
7317,7771
7321,7775
7325,7779
7330,7782
7334,7786
7339,7790
7343,7794
7348,7797
7353,7801
7358,7804
7362,7807
7367,7811
7373,7814
7378,7817
7383,7820
7388,7823
7394,7826
7399,7828
7404,7831
7410,7834
7416,7836
7421,7839
7427,7841
7433,7843
7439,7845
7444,7847
7450,7849
7456,7851
7462,7853
7468,7854
7475,7856
7481,7857
7487,7858
7493,7859
7506,7860
7512,7861
7518,7862
7525,7863
7531,7863
7538,7863
7544,7864
7551,7864
7557,7864
7564,7864
7570,7864
7577,7863
7583,7863
7590,7862
7597,7862
7603,7861
7610,7860
7616,7859
7623,7858
7629,7857
7636,7855
7643,7854
7649,7852
7656,7850
7662,7848
7669,7846
7675,7844
7682,7842
7688,7840
7695,7837
7701,7835
7707,7832
7714,7829
7720,7826
7726,7823
7732,7820
7738,7817
7745,7813
7751,7810
7757,7806
7763,7802
7768,7798
7774,7794
7780,7790
7786,7786
7792,7782
7797,7777
7803,7773
7808,7768
7814,7763
7819,7758
7824,7753
7829,7748
7834,7743
7839,7738
7844,7732
7849,7727
7854,7721
7859,7715
7863,7710
7868,7704
7872,7698
7876,7692
7881,7685
7885,7679
7889,7673
7893,7666
7896,7660
7900,7653
7904,7647
7907,7640
7910,7633
7914,7626
7917,7619
7920,7612
7923,7605
7925,7598
7928,7591
7930,7583
7933,7576
7935,7568
7937,7561
7939,7553
7941,7546
7943,7538
7944,7531
7946,7523
7947,7515
7948,7507
7950,7500
7950,7492
7951,7484
7952,7476
7952,7468
7953,7460
7953,7452
7953,7444
7953,7436
7953,7428
7953,7420
7952,7412
7951,7403
7951,7395
7950,7387
7949,7379
7947,7371
7946,7363
7945,7355
7943,7347
7941,7339
7939,7331
7937,7323
7935,7315
7933,7307
7930,7299
7927,7291
7925,7283
7922,7275
7918,7267
7915,7260
7912,7252
7908,7244
7905,7236
7901,7229
7897,7221
7893,7214
7888,7206
7884,7199
7880,7192
7875,7185
7870,7177
7865,7170
7860,7163
7855,7156
7850,7149
7844,7143
7838,7136
7833,7129
7827,7123
7821,7116
7815,7110
7809,7104
7802,7098
7796,7092
7789,7086
7782,7080
7776,7074
7769,7069
7762,7063
7755,7058
7747,7053
7740,7047
7732,7042
7725,7038
7717,7033
7709,7028
7702,7024
7694,7019
7685,7015
7677,7011
7669,7007
7661,7003
7652,6999
7644,6996
7635,6992
7627,6989
7618,6986
7609,6983
7600,6980
7592,6978
7583,6975
7574,6973
7564,6970
7555,6968
7546,6967
7537,6965
7528,6963
7518,6962
7509,6961
7500,6960
7490,6959
7481,6958
7471,6957
7462,6957
7452,6957
7442,6956
7433,6957
7423,6957
7414,6957
7404,6958
7394,6959
7385,6960
7375,6961
7365,6962
7356,6963
7346,6965
7337,6967
7327,6969
7318,6971
7308,6973
7298,6976
7289,6978
7280,6981
7270,6984
7261,6987
7251,6991
7242,6994
7233,6998
7224,7002
7215,7006
7205,7010
7196,7014
7187,7019
7179,7024
7170,7028
7161,7034
7152,7039
7144,7044
7135,7050
7127,7055
7118,7061
7110,7067
7102,7073
7094,7079
7086,7086
7078,7092
7070,7099
7063,7106
7055,7113
7048,7120
7040,7128
7033,7135
7026,7143
7019,7150
7012,7158
7005,7166
6999,7174
6992,7183
6986,7191
6980,7200
6974,7208
6968,7217
6962,7226
6957,7235
6951,7244
6946,7253
6941,7262
6936,7272
6931,7281
6926,7291
6922,7301
6917,7310
6913,7320
6909,7330
6905,7340
6902,7350
6898,7361
6895,7371
6892,7381
6889,7392
6886,7402
6884,7413
6881,7424
6879,7434
6877,7445
6875,7456
6873,7467
6872,7478
6871,7489
6870,7500
6869,7511
6868,7522
6867,7533
6867,7544
6867,7555
6867,7566
6867,7577
6868,7588
6868,7599
6869,7611
6870,7622
6872,7633
6873,7644
6875,7655
6876,7666
6879,7678
6881,7689
6883,7700
6886,7711
6889,7722
6892,7733
6895,7744
6898,7755
6902,7766
6906,7776
6910,7787
6914,7798
6919,7808
6923,7819
6928,7829
6933,7840
6938,7850
6943,7861
6949,7871
6955,7881
6961,7891
6967,7901
6973,7911
6980,7921
6986,7930
6993,7940
7000,7949
7007,7958
7015,7968
7022,7977
7030,7986
7038,7995
7046,8003
7054,8012
7062,8020
7071,8029
7080,8037
7088,8045
7097,8053
7107,8061
7116,8068
7125,8076
7135,8083
7145,8090
7155,8097
7164,8104
7175,8111
7185,8117
7195,8123
7206,8129
7216,8135
7227,8141
7238,8147
7249,8152
7260,8157
7271,8162
7283,8167
7294,8172
7305,8176
7317,8180
7329,8185
7340,8188
7352,8192
7364,8195
7376,8199
7388,8202
7400,8205
7413,8207
7425,8210
7437,8212
7450,8214
7462,8216
7474,8217
7487,8218
7512,8219
7525,8220
7537,8221
7550,8221
7563,8221
7575,8221
7588,8220
7601,8219
7613,8219
7626,8217
7639,8216
7651,8215
7664,8213
7677,8211
7689,8208
7702,8206
7715,8203
7727,8200
7740,8197
7752,8194
7765,8190
7777,8187
7789,8183
7802,8178
7814,8174
7826,8169
7838,8164
7850,8159
7862,8154
7874,8148
7886,8142
7897,8136
7909,8130
7921,8124
7932,8117
7943,8110
7954,8103
7966,8096
7977,8089
7987,8081
7998,8073
8009,8065
8019,8057
8030,8048
8040,8040
8050,8031
8060,8022
8069,8013
8079,8003
8089,7994
8098,7984
8107,7974
8116,7964
8125,7954
8134,7943
8142,7933
8150,7922
8158,7911
8166,7900
8174,7889
8182,7878
8189,7866
8196,7855
8203,7843
8210,7831
8217,7819
8223,7807
8229,7794
8235,7782
8241,7769
8246,7757
8252,7744
8257,7731
8262,7718
8266,7705
8271,7692
8275,7679
8279,7665
8283,7652
8286,7638
8290,7625
8293,7611
8296,7597
8298,7583
8300,7570
8303,7556
8304,7542
8306,7528
8307,7514
8309,7500
8309,7485
8310,7471
8310,7457
8311,7443
8310,7429
8310,7414
8309,7400
8309,7386
8307,7372
8306,7357
8304,7343
8303,7329
8300,7315
8298,7300
8295,7286
8293,7272
8289,7258
8286,7244
8282,7230
8279,7216
8274,7202
8270,7188
8265,7174
8260,7161
8255,7147
8250,7133
8244,7120
8239,7107
8232,7093
8226,7080
8220,7067
8213,7054
8206,7041
8198,7028
8191,7015
8183,7003
8175,6990
8167,6978
8159,6966
8150,6954
8141,6942
8132,6930
8123,6918
8113,6907
8103,6896
8093,6884
8083,6873
8073,6863
8062,6852
8052,6841
8041,6831
8030,6821
8018,6811
8007,6801
7995,6792
7983,6782
7971,6773
7959,6764
7947,6755
7934,6747
7921,6739
7908,6730
7895,6723
7882,6715
7869,6707
7855,6700
7842,6693
7828,6686
7814,6680
7800,6674
7786,6667
7772,6662
7757,6656
7743,6651
7728,6646
7714,6641
7699,6636
7684,6632
7669,6628
7654,6624
7639,6620
7624,6617
7608,6614
7593,6611
7577,6609
7562,6607
7546,6605
7531,6603
7515,6602
7500,6601
7484,6600
7468,6599
7452,6599
7437,6599
7421,6599
7405,6599
7389,6600
7373,6601
7357,6603
7342,6604
7326,6606
7310,6608
7294,6611
7279,6614
7263,6617
7247,6620
7232,6624
7216,6627
7201,6632
7185,6636
7170,6641
7154,6646
7139,6651
7124,6656
7109,6662
7094,6668
7079,6674
7064,6681
7050,6688
7035,6695
7021,6702
7006,6710
6992,6718
6978,6726
6964,6734
6950,6743
6936,6752
6923,6761
6909,6771
6896,6780
6883,6790
6870,6800
6857,6811
6844,6821
6832,6832
6820,6843
6808,6854
6796,6866
6784,6878
6773,6889
6761,6902
6750,6914
6739,6927
6729,6939
6718,6952
6708,6965
6698,6979
6688,6992
6678,7006
6669,7020
6660,7034
6651,7048
6642,7063
6634,7077
6626,7092
6618,7107
6610,7122
6603,7137
6596,7153
6589,7168
6582,7184
6576,7199
6570,7215
6564,7231
6559,7247
6553,7264
6549,7280
6544,7296
6539,7313
6535,7329
6532,7346
6528,7363
6525,7380
6522,7397
6519,7414
6517,7431
6515,7448
6513,7465
6512,7482
6511,7500
6510,7517
6509,7534
6509,7551
6509,7569
6509,7586
6510,7604
6511,7621
6512,7638
6514,7656
6516,7673
6518,7690
6520,7708
6523,7725
6526,7742
6530,7759
6533,7777
6537,7794
6542,7811
6546,7828
6551,7845
6557,7861
6562,7878
6568,7895
6574,7912
6581,7928
6587,7944
6594,7961
6602,7977
6609,7993
6617,8009
6625,8025
6634,8041
6642,8056
6651,8072
6661,8087
6670,8102
6680,8117
6690,8132
6701,8146
6711,8161
6722,8175
6733,8189
6745,8203
6756,8217
6768,8231
6781,8244
6793,8257
6806,8270
6819,8283
6832,8295
6845,8308
6859,8320
6872,8332
6886,8343
6901,8355
6915,8366
6930,8377
6945,8387
6960,8398
6975,8408
6990,8418
7006,8427
7022,8437
7038,8446
7054,8455
7070,8463
7087,8472
7104,8480
7120,8487
7137,8495
7154,8502
7172,8509
7189,8515
7206,8521
7224,8527
7242,8533
7260,8538
7278,8543
7296,8548
7314,8552
7332,8556
7350,8560
7369,8564
7387,8567
7406,8569
7425,8572
7443,8574
7462,8576
7481,8577
7518,8578
7537,8579
7556,8579
7575,8579
7594,8578
7613,8578
7632,8576
7651,8575
7670,8573
7688,8571
7707,8568
7726,8566
7745,8563
7764,8559
7782,8555
7801,8551
7820,8547
7838,8542
7857,8537
7875,8531
7893,8526
7912,8519
7930,8513
7948,8506
7966,8499
7983,8492
8001,8484
8019,8476
8036,8468
8054,8459
8071,8450
8088,8441
8105,8431
8121,8421
8138,8411
8154,8401
8171,8390
8187,8379
8202,8368
8218,8356
8234,8344
8249,8332
8264,8319
8279,8307
8294,8294
8308,8280
8322,8267
8336,8253
8350,8239
8364,8225
8377,8210
8390,8195
8403,8180
8415,8165
8428,8149
8440,8134
8451,8118
8463,8101
8474,8085
8485,8069
8496,8052
8506,8035
8516,8018
8526,8000
8535,7983
8545,7965
8553,7947
8562,7929
8570,7911
8578,7892
8586,7874
8593,7855
8600,7836
8607,7817
8613,7798
8619,7779
8625,7759
8630,7740
8635,7720
8640,7701
8644,7681
8648,7661
8652,7641
8655,7621
8658,7601
8661,7581
8663,7560
8665,7540
8666,7520
8668,7500
8668,7479
8669,7459
8669,7438
8669,7418
8668,7397
8667,7377
8666,7356
8664,7336
8662,7315
8660,7295
8657,7275
8654,7254
8650,7234
8646,7214
8642,7193
8638,7173
8633,7153
8627,7133
8622,7113
8616,7093
8610,7073
8603,7054
8596,7034
8588,7015
8581,6995
8573,6976
8564,6957
8556,6938
8546,6919
8537,6901
8527,6882
8517,6864
8507,6845
8496,6827
8485,6809
8474,6792
8462,6774
8450,6757
8438,6740
8425,6723
8412,6706
8399,6690
8385,6674
8371,6658
8357,6642
8343,6626
8328,6611
8313,6596
8298,6581
8282,6566
8267,6552
8251,6538
8234,6524
8218,6511
8201,6498
8184,6485
8167,6472
8149,6460
8131,6448
8114,6436
8095,6425
8077,6413
8058,6403
8040,6392
8021,6382
8001,6372
7982,6363
7963,6354
7943,6345
7923,6336
7903,6328
7883,6320
7862,6313
7842,6306
7821,6299
7800,6292
7780,6286
7759,6281
7737,6275
7716,6270
7695,6266
7673,6262
7652,6258
7630,6254
7609,6251
7587,6249
7565,6246
7543,6244
7521,6243
7500,6242
7478,6241
7456,6240
7434,6240
7411,6241
7389,6241
7367,6242
7345,6244
7323,6246
7301,6248
7279,6251
7257,6254
7235,6257
7214,6261
7192,6265
7170,6270
7148,6275
7127,6280
7105,6286
7084,6292
7062,6299
7041,6305
7020,6313
6999,6320
6978,6328
6957,6337
6937,6345
6916,6355
6896,6364
6876,6374
6856,6384
6836,6395
6816,6406
6796,6417
6777,6428
6758,6440
6739,6453
6720,6465
6702,6478
6683,6492
6665,6505
6647,6519
6630,6533
6612,6548
6595,6563
6578,6578
6561,6594
6545,6609
6529,6626
6513,6642
6498,6659
6482,6676
6467,6693
6452,6711
6438,6728
6424,6746
6410,6765
6397,6783
6383,6802
6371,6821
6358,6841
6346,6860
6334,6880
6322,6900
6311,6920
6300,6940
6290,6961
6280,6982
6270,7003
6261,7024
6252,7045
6243,7067
6235,7089
6227,7110
6219,7132
6212,7154
6205,7177
6199,7199
6193,7222
6187,7244
6182,7267
6177,7290
6173,7313
6168,7336
6165,7359
6162,7382
6159,7406
6156,7429
6154,7453
6153,7476
6152,7500
6151,7523
6150,7547
6150,7570
6151,7594
6152,7617
6153,7641
6155,7665
6157,7688
6159,7712
6162,7735
6165,7759
6169,7782
6173,7806
6178,7829
6183,7852
6188,7875
6194,7899
6200,7922
6207,7945
6214,7967
6221,7990
6229,8013
6237,8035
6246,8058
6255,8080
6265,8102
6274,8124
6285,8145
6295,8167
6306,8188
6317,8210
6329,8231
6341,8252
6354,8272
6367,8293
6380,8313
6393,8333
6407,8353
6422,8372
6436,8392
6451,8411
6467,8430
6482,8448
6498,8466
6515,8485
6531,8502
6548,8520
6565,8537
6583,8554
6601,8570
6619,8587
6638,8603
6656,8618
6675,8634
6695,8649
6714,8663
6734,8678
6754,8692
6775,8706
6796,8719
6816,8732
6838,8744
6859,8757
6881,8769
6902,8780
6924,8791
6947,8802
6969,8812
6992,8822
7015,8832
7038,8841
7061,8850
7084,8858
7108,8866
7131,8874
7155,8881
7179,8888
7203,8894
7227,8900
7252,8906
7276,8911
7300,8916
7325,8920
7350,8924
7375,8927
7399,8930
7424,8933
7449,8935
7474,8936
7525,8937
7550,8938
7575,8938
7600,8937
7625,8936
7650,8935
7675,8933
7701,8930
7726,8928
7751,8925
7776,8921
7801,8917
7826,8912
7851,8907
7875,8902
7900,8896
7925,8890
7949,8883
7974,8876
7998,8869
8022,8861
8046,8852
8070,8843
8094,8834
8117,8825
8141,8814
8164,8804
8187,8793
8210,8782
8233,8770
8256,8758
8278,8745
8300,8732
8322,8719
8344,8705
8365,8691
8387,8677
8408,8662
8428,8647
8449,8631
8469,8615
8489,8599
8509,8582
8528,8565
8547,8547
8566,8530
8585,8512
8603,8493
8621,8474
8639,8455
8656,8436
8673,8416
8689,8396
8706,8376
8722,8355
8737,8334
8752,8313
8767,8292
8782,8270
8796,8248
8810,8226
8823,8203
8836,8180
8849,8157
8861,8134
8873,8111
8884,8087
8895,8063
8905,8039
8916,8015
8925,7990
8935,7966
8944,7941
8952,7916
8960,7891
8968,7866
8975,7840
8981,7814
8988,7789
8993,7763
8999,7737
9004,7711

